2000 1000
1000
0	0	1	1000
2	0	3	1000
4	0	5	1000
6	0	7	1000
8	0	9	1000
10	0	11	1000
12	0	13	1000
14	0	15	1000
16	0	17	1000
18	0	19	1000
20	0	21	1000
22	0	23	1000
24	0	25	1000
26	0	27	1000
28	0	29	1000
30	0	31	1000
32	0	33	1000
34	0	35	1000
36	0	37	1000
38	0	39	1000
40	0	41	1000
42	0	43	1000
44	0	45	1000
46	0	47	1000
48	0	49	1000
50	0	51	1000
52	0	53	1000
54	0	55	1000
56	0	57	1000
58	0	59	1000
60	0	61	1000
62	0	63	1000
64	0	65	1000
66	0	67	1000
68	0	69	1000
70	0	71	1000
72	0	73	1000
74	0	75	1000
76	0	77	1000
78	0	79	1000
80	0	81	1000
82	0	83	1000
84	0	85	1000
86	0	87	1000
88	0	89	1000
90	0	91	1000
92	0	93	1000
94	0	95	1000
96	0	97	1000
98	0	99	1000
100	0	101	1000
102	0	103	1000
104	0	105	1000
106	0	107	1000
108	0	109	1000
110	0	111	1000
112	0	113	1000
114	0	115	1000
116	0	117	1000
118	0	119	1000
120	0	121	1000
122	0	123	1000
124	0	125	1000
126	0	127	1000
128	0	129	1000
130	0	131	1000
132	0	133	1000
134	0	135	1000
136	0	137	1000
138	0	139	1000
140	0	141	1000
142	0	143	1000
144	0	145	1000
146	0	147	1000
148	0	149	1000
150	0	151	1000
152	0	153	1000
154	0	155	1000
156	0	157	1000
158	0	159	1000
160	0	161	1000
162	0	163	1000
164	0	165	1000
166	0	167	1000
168	0	169	1000
170	0	171	1000
172	0	173	1000
174	0	175	1000
176	0	177	1000
178	0	179	1000
180	0	181	1000
182	0	183	1000
184	0	185	1000
186	0	187	1000
188	0	189	1000
190	0	191	1000
192	0	193	1000
194	0	195	1000
196	0	197	1000
198	0	199	1000
200	0	201	1000
202	0	203	1000
204	0	205	1000
206	0	207	1000
208	0	209	1000
210	0	211	1000
212	0	213	1000
214	0	215	1000
216	0	217	1000
218	0	219	1000
220	0	221	1000
222	0	223	1000
224	0	225	1000
226	0	227	1000
228	0	229	1000
230	0	231	1000
232	0	233	1000
234	0	235	1000
236	0	237	1000
238	0	239	1000
240	0	241	1000
242	0	243	1000
244	0	245	1000
246	0	247	1000
248	0	249	1000
250	0	251	1000
252	0	253	1000
254	0	255	1000
256	0	257	1000
258	0	259	1000
260	0	261	1000
262	0	263	1000
264	0	265	1000
266	0	267	1000
268	0	269	1000
270	0	271	1000
272	0	273	1000
274	0	275	1000
276	0	277	1000
278	0	279	1000
280	0	281	1000
282	0	283	1000
284	0	285	1000
286	0	287	1000
288	0	289	1000
290	0	291	1000
292	0	293	1000
294	0	295	1000
296	0	297	1000
298	0	299	1000
300	0	301	1000
302	0	303	1000
304	0	305	1000
306	0	307	1000
308	0	309	1000
310	0	311	1000
312	0	313	1000
314	0	315	1000
316	0	317	1000
318	0	319	1000
320	0	321	1000
322	0	323	1000
324	0	325	1000
326	0	327	1000
328	0	329	1000
330	0	331	1000
332	0	333	1000
334	0	335	1000
336	0	337	1000
338	0	339	1000
340	0	341	1000
342	0	343	1000
344	0	345	1000
346	0	347	1000
348	0	349	1000
350	0	351	1000
352	0	353	1000
354	0	355	1000
356	0	357	1000
358	0	359	1000
360	0	361	1000
362	0	363	1000
364	0	365	1000
366	0	367	1000
368	0	369	1000
370	0	371	1000
372	0	373	1000
374	0	375	1000
376	0	377	1000
378	0	379	1000
380	0	381	1000
382	0	383	1000
384	0	385	1000
386	0	387	1000
388	0	389	1000
390	0	391	1000
392	0	393	1000
394	0	395	1000
396	0	397	1000
398	0	399	1000
400	0	401	1000
402	0	403	1000
404	0	405	1000
406	0	407	1000
408	0	409	1000
410	0	411	1000
412	0	413	1000
414	0	415	1000
416	0	417	1000
418	0	419	1000
420	0	421	1000
422	0	423	1000
424	0	425	1000
426	0	427	1000
428	0	429	1000
430	0	431	1000
432	0	433	1000
434	0	435	1000
436	0	437	1000
438	0	439	1000
440	0	441	1000
442	0	443	1000
444	0	445	1000
446	0	447	1000
448	0	449	1000
450	0	451	1000
452	0	453	1000
454	0	455	1000
456	0	457	1000
458	0	459	1000
460	0	461	1000
462	0	463	1000
464	0	465	1000
466	0	467	1000
468	0	469	1000
470	0	471	1000
472	0	473	1000
474	0	475	1000
476	0	477	1000
478	0	479	1000
480	0	481	1000
482	0	483	1000
484	0	485	1000
486	0	487	1000
488	0	489	1000
490	0	491	1000
492	0	493	1000
494	0	495	1000
496	0	497	1000
498	0	499	1000
500	0	501	1000
502	0	503	1000
504	0	505	1000
506	0	507	1000
508	0	509	1000
510	0	511	1000
512	0	513	1000
514	0	515	1000
516	0	517	1000
518	0	519	1000
520	0	521	1000
522	0	523	1000
524	0	525	1000
526	0	527	1000
528	0	529	1000
530	0	531	1000
532	0	533	1000
534	0	535	1000
536	0	537	1000
538	0	539	1000
540	0	541	1000
542	0	543	1000
544	0	545	1000
546	0	547	1000
548	0	549	1000
550	0	551	1000
552	0	553	1000
554	0	555	1000
556	0	557	1000
558	0	559	1000
560	0	561	1000
562	0	563	1000
564	0	565	1000
566	0	567	1000
568	0	569	1000
570	0	571	1000
572	0	573	1000
574	0	575	1000
576	0	577	1000
578	0	579	1000
580	0	581	1000
582	0	583	1000
584	0	585	1000
586	0	587	1000
588	0	589	1000
590	0	591	1000
592	0	593	1000
594	0	595	1000
596	0	597	1000
598	0	599	1000
600	0	601	1000
602	0	603	1000
604	0	605	1000
606	0	607	1000
608	0	609	1000
610	0	611	1000
612	0	613	1000
614	0	615	1000
616	0	617	1000
618	0	619	1000
620	0	621	1000
622	0	623	1000
624	0	625	1000
626	0	627	1000
628	0	629	1000
630	0	631	1000
632	0	633	1000
634	0	635	1000
636	0	637	1000
638	0	639	1000
640	0	641	1000
642	0	643	1000
644	0	645	1000
646	0	647	1000
648	0	649	1000
650	0	651	1000
652	0	653	1000
654	0	655	1000
656	0	657	1000
658	0	659	1000
660	0	661	1000
662	0	663	1000
664	0	665	1000
666	0	667	1000
668	0	669	1000
670	0	671	1000
672	0	673	1000
674	0	675	1000
676	0	677	1000
678	0	679	1000
680	0	681	1000
682	0	683	1000
684	0	685	1000
686	0	687	1000
688	0	689	1000
690	0	691	1000
692	0	693	1000
694	0	695	1000
696	0	697	1000
698	0	699	1000
700	0	701	1000
702	0	703	1000
704	0	705	1000
706	0	707	1000
708	0	709	1000
710	0	711	1000
712	0	713	1000
714	0	715	1000
716	0	717	1000
718	0	719	1000
720	0	721	1000
722	0	723	1000
724	0	725	1000
726	0	727	1000
728	0	729	1000
730	0	731	1000
732	0	733	1000
734	0	735	1000
736	0	737	1000
738	0	739	1000
740	0	741	1000
742	0	743	1000
744	0	745	1000
746	0	747	1000
748	0	749	1000
750	0	751	1000
752	0	753	1000
754	0	755	1000
756	0	757	1000
758	0	759	1000
760	0	761	1000
762	0	763	1000
764	0	765	1000
766	0	767	1000
768	0	769	1000
770	0	771	1000
772	0	773	1000
774	0	775	1000
776	0	777	1000
778	0	779	1000
780	0	781	1000
782	0	783	1000
784	0	785	1000
786	0	787	1000
788	0	789	1000
790	0	791	1000
792	0	793	1000
794	0	795	1000
796	0	797	1000
798	0	799	1000
800	0	801	1000
802	0	803	1000
804	0	805	1000
806	0	807	1000
808	0	809	1000
810	0	811	1000
812	0	813	1000
814	0	815	1000
816	0	817	1000
818	0	819	1000
820	0	821	1000
822	0	823	1000
824	0	825	1000
826	0	827	1000
828	0	829	1000
830	0	831	1000
832	0	833	1000
834	0	835	1000
836	0	837	1000
838	0	839	1000
840	0	841	1000
842	0	843	1000
844	0	845	1000
846	0	847	1000
848	0	849	1000
850	0	851	1000
852	0	853	1000
854	0	855	1000
856	0	857	1000
858	0	859	1000
860	0	861	1000
862	0	863	1000
864	0	865	1000
866	0	867	1000
868	0	869	1000
870	0	871	1000
872	0	873	1000
874	0	875	1000
876	0	877	1000
878	0	879	1000
880	0	881	1000
882	0	883	1000
884	0	885	1000
886	0	887	1000
888	0	889	1000
890	0	891	1000
892	0	893	1000
894	0	895	1000
896	0	897	1000
898	0	899	1000
900	0	901	1000
902	0	903	1000
904	0	905	1000
906	0	907	1000
908	0	909	1000
910	0	911	1000
912	0	913	1000
914	0	915	1000
916	0	917	1000
918	0	919	1000
920	0	921	1000
922	0	923	1000
924	0	925	1000
926	0	927	1000
928	0	929	1000
930	0	931	1000
932	0	933	1000
934	0	935	1000
936	0	937	1000
938	0	939	1000
940	0	941	1000
942	0	943	1000
944	0	945	1000
946	0	947	1000
948	0	949	1000
950	0	951	1000
952	0	953	1000
954	0	955	1000
956	0	957	1000
958	0	959	1000
960	0	961	1000
962	0	963	1000
964	0	965	1000
966	0	967	1000
968	0	969	1000
970	0	971	1000
972	0	973	1000
974	0	975	1000
976	0	977	1000
978	0	979	1000
980	0	981	1000
982	0	983	1000
984	0	985	1000
986	0	987	1000
988	0	989	1000
990	0	991	1000
992	0	993	1000
994	0	995	1000
996	0	997	1000
998	0	999	1000
1000	0	1001	1000
1002	0	1003	1000
1004	0	1005	1000
1006	0	1007	1000
1008	0	1009	1000
1010	0	1011	1000
1012	0	1013	1000
1014	0	1015	1000
1016	0	1017	1000
1018	0	1019	1000
1020	0	1021	1000
1022	0	1023	1000
1024	0	1025	1000
1026	0	1027	1000
1028	0	1029	1000
1030	0	1031	1000
1032	0	1033	1000
1034	0	1035	1000
1036	0	1037	1000
1038	0	1039	1000
1040	0	1041	1000
1042	0	1043	1000
1044	0	1045	1000
1046	0	1047	1000
1048	0	1049	1000
1050	0	1051	1000
1052	0	1053	1000
1054	0	1055	1000
1056	0	1057	1000
1058	0	1059	1000
1060	0	1061	1000
1062	0	1063	1000
1064	0	1065	1000
1066	0	1067	1000
1068	0	1069	1000
1070	0	1071	1000
1072	0	1073	1000
1074	0	1075	1000
1076	0	1077	1000
1078	0	1079	1000
1080	0	1081	1000
1082	0	1083	1000
1084	0	1085	1000
1086	0	1087	1000
1088	0	1089	1000
1090	0	1091	1000
1092	0	1093	1000
1094	0	1095	1000
1096	0	1097	1000
1098	0	1099	1000
1100	0	1101	1000
1102	0	1103	1000
1104	0	1105	1000
1106	0	1107	1000
1108	0	1109	1000
1110	0	1111	1000
1112	0	1113	1000
1114	0	1115	1000
1116	0	1117	1000
1118	0	1119	1000
1120	0	1121	1000
1122	0	1123	1000
1124	0	1125	1000
1126	0	1127	1000
1128	0	1129	1000
1130	0	1131	1000
1132	0	1133	1000
1134	0	1135	1000
1136	0	1137	1000
1138	0	1139	1000
1140	0	1141	1000
1142	0	1143	1000
1144	0	1145	1000
1146	0	1147	1000
1148	0	1149	1000
1150	0	1151	1000
1152	0	1153	1000
1154	0	1155	1000
1156	0	1157	1000
1158	0	1159	1000
1160	0	1161	1000
1162	0	1163	1000
1164	0	1165	1000
1166	0	1167	1000
1168	0	1169	1000
1170	0	1171	1000
1172	0	1173	1000
1174	0	1175	1000
1176	0	1177	1000
1178	0	1179	1000
1180	0	1181	1000
1182	0	1183	1000
1184	0	1185	1000
1186	0	1187	1000
1188	0	1189	1000
1190	0	1191	1000
1192	0	1193	1000
1194	0	1195	1000
1196	0	1197	1000
1198	0	1199	1000
1200	0	1201	1000
1202	0	1203	1000
1204	0	1205	1000
1206	0	1207	1000
1208	0	1209	1000
1210	0	1211	1000
1212	0	1213	1000
1214	0	1215	1000
1216	0	1217	1000
1218	0	1219	1000
1220	0	1221	1000
1222	0	1223	1000
1224	0	1225	1000
1226	0	1227	1000
1228	0	1229	1000
1230	0	1231	1000
1232	0	1233	1000
1234	0	1235	1000
1236	0	1237	1000
1238	0	1239	1000
1240	0	1241	1000
1242	0	1243	1000
1244	0	1245	1000
1246	0	1247	1000
1248	0	1249	1000
1250	0	1251	1000
1252	0	1253	1000
1254	0	1255	1000
1256	0	1257	1000
1258	0	1259	1000
1260	0	1261	1000
1262	0	1263	1000
1264	0	1265	1000
1266	0	1267	1000
1268	0	1269	1000
1270	0	1271	1000
1272	0	1273	1000
1274	0	1275	1000
1276	0	1277	1000
1278	0	1279	1000
1280	0	1281	1000
1282	0	1283	1000
1284	0	1285	1000
1286	0	1287	1000
1288	0	1289	1000
1290	0	1291	1000
1292	0	1293	1000
1294	0	1295	1000
1296	0	1297	1000
1298	0	1299	1000
1300	0	1301	1000
1302	0	1303	1000
1304	0	1305	1000
1306	0	1307	1000
1308	0	1309	1000
1310	0	1311	1000
1312	0	1313	1000
1314	0	1315	1000
1316	0	1317	1000
1318	0	1319	1000
1320	0	1321	1000
1322	0	1323	1000
1324	0	1325	1000
1326	0	1327	1000
1328	0	1329	1000
1330	0	1331	1000
1332	0	1333	1000
1334	0	1335	1000
1336	0	1337	1000
1338	0	1339	1000
1340	0	1341	1000
1342	0	1343	1000
1344	0	1345	1000
1346	0	1347	1000
1348	0	1349	1000
1350	0	1351	1000
1352	0	1353	1000
1354	0	1355	1000
1356	0	1357	1000
1358	0	1359	1000
1360	0	1361	1000
1362	0	1363	1000
1364	0	1365	1000
1366	0	1367	1000
1368	0	1369	1000
1370	0	1371	1000
1372	0	1373	1000
1374	0	1375	1000
1376	0	1377	1000
1378	0	1379	1000
1380	0	1381	1000
1382	0	1383	1000
1384	0	1385	1000
1386	0	1387	1000
1388	0	1389	1000
1390	0	1391	1000
1392	0	1393	1000
1394	0	1395	1000
1396	0	1397	1000
1398	0	1399	1000
1400	0	1401	1000
1402	0	1403	1000
1404	0	1405	1000
1406	0	1407	1000
1408	0	1409	1000
1410	0	1411	1000
1412	0	1413	1000
1414	0	1415	1000
1416	0	1417	1000
1418	0	1419	1000
1420	0	1421	1000
1422	0	1423	1000
1424	0	1425	1000
1426	0	1427	1000
1428	0	1429	1000
1430	0	1431	1000
1432	0	1433	1000
1434	0	1435	1000
1436	0	1437	1000
1438	0	1439	1000
1440	0	1441	1000
1442	0	1443	1000
1444	0	1445	1000
1446	0	1447	1000
1448	0	1449	1000
1450	0	1451	1000
1452	0	1453	1000
1454	0	1455	1000
1456	0	1457	1000
1458	0	1459	1000
1460	0	1461	1000
1462	0	1463	1000
1464	0	1465	1000
1466	0	1467	1000
1468	0	1469	1000
1470	0	1471	1000
1472	0	1473	1000
1474	0	1475	1000
1476	0	1477	1000
1478	0	1479	1000
1480	0	1481	1000
1482	0	1483	1000
1484	0	1485	1000
1486	0	1487	1000
1488	0	1489	1000
1490	0	1491	1000
1492	0	1493	1000
1494	0	1495	1000
1496	0	1497	1000
1498	0	1499	1000
1500	0	1501	1000
1502	0	1503	1000
1504	0	1505	1000
1506	0	1507	1000
1508	0	1509	1000
1510	0	1511	1000
1512	0	1513	1000
1514	0	1515	1000
1516	0	1517	1000
1518	0	1519	1000
1520	0	1521	1000
1522	0	1523	1000
1524	0	1525	1000
1526	0	1527	1000
1528	0	1529	1000
1530	0	1531	1000
1532	0	1533	1000
1534	0	1535	1000
1536	0	1537	1000
1538	0	1539	1000
1540	0	1541	1000
1542	0	1543	1000
1544	0	1545	1000
1546	0	1547	1000
1548	0	1549	1000
1550	0	1551	1000
1552	0	1553	1000
1554	0	1555	1000
1556	0	1557	1000
1558	0	1559	1000
1560	0	1561	1000
1562	0	1563	1000
1564	0	1565	1000
1566	0	1567	1000
1568	0	1569	1000
1570	0	1571	1000
1572	0	1573	1000
1574	0	1575	1000
1576	0	1577	1000
1578	0	1579	1000
1580	0	1581	1000
1582	0	1583	1000
1584	0	1585	1000
1586	0	1587	1000
1588	0	1589	1000
1590	0	1591	1000
1592	0	1593	1000
1594	0	1595	1000
1596	0	1597	1000
1598	0	1599	1000
1600	0	1601	1000
1602	0	1603	1000
1604	0	1605	1000
1606	0	1607	1000
1608	0	1609	1000
1610	0	1611	1000
1612	0	1613	1000
1614	0	1615	1000
1616	0	1617	1000
1618	0	1619	1000
1620	0	1621	1000
1622	0	1623	1000
1624	0	1625	1000
1626	0	1627	1000
1628	0	1629	1000
1630	0	1631	1000
1632	0	1633	1000
1634	0	1635	1000
1636	0	1637	1000
1638	0	1639	1000
1640	0	1641	1000
1642	0	1643	1000
1644	0	1645	1000
1646	0	1647	1000
1648	0	1649	1000
1650	0	1651	1000
1652	0	1653	1000
1654	0	1655	1000
1656	0	1657	1000
1658	0	1659	1000
1660	0	1661	1000
1662	0	1663	1000
1664	0	1665	1000
1666	0	1667	1000
1668	0	1669	1000
1670	0	1671	1000
1672	0	1673	1000
1674	0	1675	1000
1676	0	1677	1000
1678	0	1679	1000
1680	0	1681	1000
1682	0	1683	1000
1684	0	1685	1000
1686	0	1687	1000
1688	0	1689	1000
1690	0	1691	1000
1692	0	1693	1000
1694	0	1695	1000
1696	0	1697	1000
1698	0	1699	1000
1700	0	1701	1000
1702	0	1703	1000
1704	0	1705	1000
1706	0	1707	1000
1708	0	1709	1000
1710	0	1711	1000
1712	0	1713	1000
1714	0	1715	1000
1716	0	1717	1000
1718	0	1719	1000
1720	0	1721	1000
1722	0	1723	1000
1724	0	1725	1000
1726	0	1727	1000
1728	0	1729	1000
1730	0	1731	1000
1732	0	1733	1000
1734	0	1735	1000
1736	0	1737	1000
1738	0	1739	1000
1740	0	1741	1000
1742	0	1743	1000
1744	0	1745	1000
1746	0	1747	1000
1748	0	1749	1000
1750	0	1751	1000
1752	0	1753	1000
1754	0	1755	1000
1756	0	1757	1000
1758	0	1759	1000
1760	0	1761	1000
1762	0	1763	1000
1764	0	1765	1000
1766	0	1767	1000
1768	0	1769	1000
1770	0	1771	1000
1772	0	1773	1000
1774	0	1775	1000
1776	0	1777	1000
1778	0	1779	1000
1780	0	1781	1000
1782	0	1783	1000
1784	0	1785	1000
1786	0	1787	1000
1788	0	1789	1000
1790	0	1791	1000
1792	0	1793	1000
1794	0	1795	1000
1796	0	1797	1000
1798	0	1799	1000
1800	0	1801	1000
1802	0	1803	1000
1804	0	1805	1000
1806	0	1807	1000
1808	0	1809	1000
1810	0	1811	1000
1812	0	1813	1000
1814	0	1815	1000
1816	0	1817	1000
1818	0	1819	1000
1820	0	1821	1000
1822	0	1823	1000
1824	0	1825	1000
1826	0	1827	1000
1828	0	1829	1000
1830	0	1831	1000
1832	0	1833	1000
1834	0	1835	1000
1836	0	1837	1000
1838	0	1839	1000
1840	0	1841	1000
1842	0	1843	1000
1844	0	1845	1000
1846	0	1847	1000
1848	0	1849	1000
1850	0	1851	1000
1852	0	1853	1000
1854	0	1855	1000
1856	0	1857	1000
1858	0	1859	1000
1860	0	1861	1000
1862	0	1863	1000
1864	0	1865	1000
1866	0	1867	1000
1868	0	1869	1000
1870	0	1871	1000
1872	0	1873	1000
1874	0	1875	1000
1876	0	1877	1000
1878	0	1879	1000
1880	0	1881	1000
1882	0	1883	1000
1884	0	1885	1000
1886	0	1887	1000
1888	0	1889	1000
1890	0	1891	1000
1892	0	1893	1000
1894	0	1895	1000
1896	0	1897	1000
1898	0	1899	1000
1900	0	1901	1000
1902	0	1903	1000
1904	0	1905	1000
1906	0	1907	1000
1908	0	1909	1000
1910	0	1911	1000
1912	0	1913	1000
1914	0	1915	1000
1916	0	1917	1000
1918	0	1919	1000
1920	0	1921	1000
1922	0	1923	1000
1924	0	1925	1000
1926	0	1927	1000
1928	0	1929	1000
1930	0	1931	1000
1932	0	1933	1000
1934	0	1935	1000
1936	0	1937	1000
1938	0	1939	1000
1940	0	1941	1000
1942	0	1943	1000
1944	0	1945	1000
1946	0	1947	1000
1948	0	1949	1000
1950	0	1951	1000
1952	0	1953	1000
1954	0	1955	1000
1956	0	1957	1000
1958	0	1959	1000
1960	0	1961	1000
1962	0	1963	1000
1964	0	1965	1000
1966	0	1967	1000
1968	0	1969	1000
1970	0	1971	1000
1972	0	1973	1000
1974	0	1975	1000
1976	0	1977	1000
1978	0	1979	1000
1980	0	1981	1000
1982	0	1983	1000
1984	0	1985	1000
1986	0	1987	1000
1988	0	1989	1000
1990	0	1991	1000
1992	0	1993	1000
1994	0	1995	1000
1996	0	1997	1000
1998	0	1999	1000
